180
16 157
16 160
16 49
25 125
17 73
17 132
17 79
19 88
19 150
19 135
19 20
86 98
107 125
92 1
92 28
92 21
92 48
109 82
109 73
109 160
109 116
75 48
31 21
34 82
34 132
34 126
34 135
34 166
34 20
2 73
121 145
121 48
171 165
171 20
171 79
178 88
178 47
178 160
178 166
9 82
9 48
9 116
78 126
78 21
130 88
93 54
93 137
93 52
68 132
68 83
50 54
50 137
50 28
50 125
50 49
87 20
122 132
122 160
122 166
122 116
140 48
91 145
91 71
91 126
91 28
91 135
91 98
65 98
65 125
7 1
7 54
7 126
7 83
7 49
60 98
16 158
16 77
16 100
25 56
25 39
25 72
25 74
25 24
17 110
17 105
17 77
17 94
17 24
17 44
17 57
17 134
19 108
19 30
86 58
107 58
107 117
92 58
92 112
92 94
92 30
109 105
109 112
109 158
109 117
109 44
109 100
75 77
75 113
75 90
31 110
31 56
31 15
34 112
34 24
34 8
34 170
34 100
2 77
2 100
121 44
171 77
171 30
171 8
171 29
178 134
9 117
78 142
78 90
130 113
130 170
130 100
93 15
93 45
93 74
93 113
93 103
93 8
68 110
68 108
68 144
68 29
104 56
104 90
104 29
104 170
50 74
87 45
87 74
122 15
122 72
122 134
140 158
140 142
140 103
140 8
91 113
91 24
65 56
65 105
65 58
65 39
65 142
65 8
173 56
173 30
173 100
173 134
7 15
7 58
7 170
60 39
60 8
16 175
16 162
16 148
16 38
25 133
17 156
17 84
17 163
17 53
19 138
19 155
19 163
19 67
19 118
86 64
86 42
86 33
86 152
107 95
107 167
107 163
107 152
107 53
92 175
92 156
92 84
109 80
109 162
109 26
75 127
75 3
75 63
75 46
31 4
31 138
31 175
31 167
31 3
31 53
34 4
34 175
34 152
2 148
2 163
2 118
2 46
2 53
121 64
121 148
121 152
121 63
171 46
178 152
178 133
9 4
9 95
9 127
9 33
9 99
9 163
78 129
78 4
78 163
78 152
78 133
130 156
130 167
93 84
93 33
93 26
68 14
68 118
104 63
50 148
50 163
87 155
87 118
122 80
122 156
122 127
122 63
140 95
140 81
140 67
91 81
91 46
65 95
65 84
65 99
65 163
173 64
173 42
7 155
60 46
60 53
60 26
16 23
16 123
25 174
17 22
19 37
19 115
19 23
19 11
19 111
19 18
19 139
86 114
86 69
86 13
86 123
86 18
107 128
107 115
107 23
107 120
92 151
92 114
92 69
92 12
109 89
109 18
109 27
75 114
75 51
75 89
31 69
34 85
34 51
34 11
34 111
2 115
2 177
2 27
2 124
2 176
121 10
121 123
121 153
171 18
171 36
178 111
9 51
9 13
9 43
78 37
78 18
130 10
93 13
93 18
93 27
93 124
68 151
68 51
68 11
68 13
104 23
104 177
104 111
104 27
50 23
50 22
50 147
50 120
50 36
87 23
122 12
140 114
140 101
140 176
91 177
91 85
65 114
65 174
65 11
65 123
65 139
173 37
173 147
173 27
7 128
7 111
60 151
60 22
60 12
16 6
16 40
25 41
25 70
25 96
25 164
17 159
19 35
19 32
19 102
19 40
86 32
86 62
86 149
86 161
86 159
86 97
107 55
107 141
107 0
107 5
107 97
107 164
92 131
92 136
92 5
109 41
109 119
109 97
75 59
75 97
75 168
31 106
31 146
34 62
34 59
2 41
2 146
2 141
121 55
121 61
171 143
171 96
171 141
171 136
171 119
171 59
171 97
171 6
178 32
178 179
178 5
9 179
78 96
78 146
78 141
78 97
130 106
130 55
130 136
130 0
130 97
93 141
93 59
68 32
68 179
68 154
68 149
68 168
104 35
104 102
104 96
104 146
104 141
104 40
50 131
50 70
50 102
87 131
87 5
122 141
91 143
91 102
65 106
65 55
65 102
173 141
173 0
7 102
7 0
7 168
60 70
60 6
88 112
88 117
88 77
88 113
88 29
88 134
165 76
165 110
165 142
165 44
165 8
165 170
82 105
82 24
82 8
82 57
82 100
1 15
1 108
1 113
1 134
145 76
145 158
145 142
145 74
71 110
71 56
71 134
73 39
54 77
54 144
132 58
132 45
132 72
132 103
132 29
137 105
137 108
137 112
137 24
150 108
150 29
150 57
28 103
135 72
135 77
135 113
135 134
98 76
98 15
98 29
98 100
83 30
21 112
21 103
21 170
169 108
169 103
169 30
169 44
166 94
125 142
125 103
48 112
48 142
48 170
20 103
20 57
79 39
79 158
66 110
66 113
66 103
66 44
116 58
116 39
116 158
49 39
49 72
49 117
49 44
49 29
88 64
88 81
88 33
88 152
47 155
82 33
82 152
82 14
1 64
1 175
1 163
1 38
1 26
157 64
157 175
157 33
157 63
145 3
145 163
71 95
73 53
54 42
54 163
132 129
132 156
132 118
126 84
126 155
126 63
137 127
137 133
150 129
150 4
150 64
150 156
150 162
150 26
28 156
28 67
28 63
160 155
160 152
160 46
160 53
135 80
135 175
135 127
135 167
135 67
135 118
98 42
98 33
98 99
98 26
83 138
83 46
21 95
169 63
169 26
52 95
52 84
52 99
52 63
166 138
166 3
166 152
166 67
166 63
125 156
125 99
125 155
125 163
125 152
125 67
125 26
48 4
48 81
79 175
79 42
79 38
66 4
66 118
116 95
116 81
116 84
116 33
116 133
49 127
49 46
49 53
88 114
88 43
88 111
88 36
88 124
47 114
47 69
47 27
47 101
165 128
165 123
165 43
165 139
82 177
82 111
1 177
1 51
157 177
157 114
157 89
145 37
145 177
145 89
145 18
71 174
71 36
73 85
73 12
54 23
54 22
54 89
54 123
54 111
54 101
54 153
132 23
132 177
132 69
132 101
132 139
126 128
126 23
126 177
126 10
126 89
137 51
137 18
150 114
150 12
150 123
150 18
28 114
28 139
160 124
160 176
135 37
135 23
135 22
135 69
135 51
135 174
135 36
135 176
98 147
98 13
98 12
98 18
83 23
83 22
83 101
21 43
169 23
169 18
169 153
52 85
52 176
166 151
125 37
125 12
125 123
125 18
125 124
125 176
48 177
48 147
48 51
48 10
20 115
20 43
20 18
20 176
79 18
79 101
79 124
66 115
66 177
66 139
66 124
116 124
116 176
49 101
88 136
88 154
88 164
47 35
47 96
47 146
47 40
165 0
165 40
82 70
82 102
82 96
82 146
82 0
82 6
1 41
1 161
1 97
157 102
157 96
157 141
157 172
157 0
145 0
71 141
71 119
71 5
73 143
73 40
54 62
54 136
54 168
132 172
132 168
126 131
126 61
126 32
137 96
137 159
137 6
150 35
150 70
150 97
150 6
28 6
28 40
160 143
135 143
135 41
135 141
98 55
98 32
83 32
83 161
83 0
21 0
169 131
169 172
52 106
52 61
52 102
52 172
166 62
166 96
166 136
166 154
125 143
125 35
125 119
125 154
125 149
125 161
48 141
48 172
20 119
79 70
79 62
79 40
66 149
116 131
116 35
116 0
116 5
49 102
49 146
49 97
76 127
76 118
76 133
110 129
110 4
110 99
56 175
56 99
56 67
105 156
15 163
15 53
58 175
58 42
58 152
108 64
108 84
108 152
45 33
45 155
45 67
45 63
45 26
39 175
39 26
72 127
72 33
72 118
72 53
112 95
112 162
112 127
112 3
112 152
112 67
112 133
112 26
158 138
158 163
158 14
158 133
117 4
117 156
117 84
117 99
117 152
117 38
142 129
142 64
142 95
142 33
142 67
142 38
142 63
77 95
77 167
77 14
144 64
144 138
144 81
144 99
144 167
94 14
94 53
74 53
74 26
103 64
103 156
103 162
30 138
30 42
30 152
24 14
44 4
44 148
44 84
44 14
90 129
90 33
90 99
90 163
8 95
8 81
29 148
29 33
29 152
29 38
57 64
57 175
57 95
57 42
57 33
57 163
57 118
170 81
170 84
170 3
170 26
100 42
100 155
100 14
134 42
134 163
134 38
134 46
76 147
76 174
110 23
56 115
56 151
56 120
56 11
56 12
56 123
105 114
105 120
105 43
105 27
105 176
15 174
15 13
15 124
58 174
58 13
58 176
108 177
108 114
108 69
108 89
108 13
108 43
108 124
108 176
45 115
45 101
45 139
39 174
39 11
39 36
72 177
72 22
72 174
112 89
158 85
158 13
158 43
158 111
158 101
117 23
117 12
117 111
142 115
142 85
142 114
142 124
77 37
144 51
144 153
94 37
94 128
94 151
94 13
94 12
94 176
74 37
74 147
113 176
103 114
103 147
103 13
30 12
24 43
24 111
44 128
44 85
44 51
44 12
44 176
90 37
90 23
90 22
90 11
8 151
8 114
8 51
8 18
29 128
29 177
29 114
57 115
57 177
57 85
57 51
170 115
170 51
100 22
76 70
76 179
76 40
110 143
110 97
110 6
56 62
105 61
105 136
105 161
105 5
15 70
15 61
15 97
58 143
58 131
58 119
58 164
108 70
108 136
108 161
108 97
108 164
45 136
45 59
45 0
72 143
72 136
112 136
112 154
112 149
112 0
158 70
117 6
142 0
77 136
77 164
144 179
94 70
94 62
94 146
94 5
74 5
74 97
113 119
103 143
103 102
103 119
30 146
30 172
30 5
24 119
24 154
24 149
24 159
44 61
44 136
44 40
90 70
90 146
90 6
8 70
8 106
8 62
8 96
8 146
8 149
57 35
57 159
170 131
170 61
170 62
170 102
170 97
100 136
100 161
100 164
134 55
134 61
134 179
134 141
129 123
129 153
80 128
80 151
80 147
80 120
80 176
4 128
4 115
4 120
64 22
64 69
64 10
64 27
64 124
138 69
138 10
175 114
175 147
175 10
175 27
95 37
95 23
95 89
95 153
42 177
42 22
42 147
42 89
156 37
156 85
156 12
156 123
162 139
162 124
148 151
148 13
127 89
127 13
127 43
127 18
81 177
81 120
81 89
81 18
81 176
84 23
84 177
84 153
33 12
33 123
33 111
99 151
99 153
167 37
167 69
167 120
167 27
167 36
3 37
3 147
3 10
3 11
3 43
3 36
3 176
155 115
155 12
155 43
155 111
163 37
163 18
163 101
152 151
67 10
67 89
67 174
38 37
38 177
38 69
38 120
38 27
38 101
38 139
38 124
63 11
63 12
63 43
14 151
14 22
14 69
14 12
118 22
118 36
133 85
133 147
133 89
133 174
133 36
46 177
46 123
46 18
46 27
53 23
53 85
53 120
53 12
26 43
26 176
129 55
129 179
129 146
129 172
129 161
129 97
80 41
80 55
80 62
80 146
80 136
80 149
80 40
4 106
4 119
4 97
64 32
64 146
64 119
138 143
138 55
138 32
138 172
138 6
138 40
175 131
175 35
175 70
175 106
95 96
95 179
95 141
95 119
42 106
42 97
42 168
156 154
156 168
162 131
162 146
162 141
162 6
148 146
148 119
148 0
148 168
127 62
127 119
81 35
81 141
84 35
84 32
84 149
33 131
33 62
33 102
33 161
33 6
99 41
99 35
99 154
99 149
99 168
167 41
167 146
167 149
167 6
3 41
3 61
3 154
3 168
163 102
163 161
163 0
163 164
152 5
152 6
67 96
67 159
67 164
38 143
38 96
38 179
38 141
38 161
63 35
63 32
63 154
63 164
14 96
14 164
14 168
14 40
133 106
133 179
133 119
133 149
46 41
46 55
46 172
46 154
46 164
53 106
53 119
53 149
53 6
26 61
26 164
26 168
37 41
37 55
37 62
37 146
128 41
128 164
115 143
115 161
115 159
23 102
23 146
23 154
23 149
23 164
177 41
177 136
177 119
151 41
151 141
85 141
85 164
114 168
22 179
22 141
22 59
22 149
69 136
69 0
69 168
147 55
51 70
51 141
51 0
120 62
120 179
120 119
120 154
120 159
10 70
10 0
89 172
89 161
89 6
174 35
174 102
174 97
11 61
13 70
13 106
13 55
13 154
12 154
123 106
123 55
123 59
43 172
43 161
43 40
111 62
111 96
111 146
111 172
111 0
111 5
111 164
18 102
18 136
18 159
27 96
101 61
101 154
101 97
101 168
101 6
139 35
139 179
139 172
139 97
36 70
36 59
36 154
36 161
36 97
36 168
124 35
124 6
176 106
176 59
